6 6 50 50 0
0 11 76
0 30 54
0 15 43
0 45 59
0 27 54
0 2 74
0 45 68
0 45 70
0 42 66
0 42 68
0 42 65
0 40 69
0 40 66
0 38 68
0 38 70
0 35 66
0 35 69
0 25 85
0 22 75
0 22 85
0 20 80
0 20 85
0 18 75
0 15 75
0 15 80
0 30 50
0 30 52
0 28 52
0 28 55
0 25 50
0 25 52
0 25 55
0 23 52
0 23 55
0 20 50
0 20 55
0 10 35
0 10 40
0 8 40
0 8 45
0 5 35
0 5 45
0 2 40
0 0 40
0 0 45
0 35 30
0 35 32
0 33 32
0 33 35
0 32 30
0 30 30
0 30 32
0 30 35
0 28 30
0 28 35
0 26 32
